  [1] 16.1654135  1.0101010  3.2258065  2.1978022  8.5714286  1.0752688
  [7]  4.5871560  1.2820513  3.8461538  1.1904762  8.2926829  1.2048193
 [13]  2.6315789  7.8651685  0.8403361  1.7543860  3.4482759  2.3255814
 [19]  3.5294118  3.8709677  1.8518519  1.1235955  2.5316456  3.0000000
 [25] 10.4000000 11.6564417  2.2988506  6.6666667  3.4883721  6.0240964
 [31]  1.2195122  1.1494253  5.2631579  3.8095238  3.4482759  5.6962025
 [37]  7.7464789  1.2658228  4.1666667  1.0309278  4.7619048 13.9534884
 [43]  1.9417476  2.3809524  2.2727273 11.2244898  1.5564202 18.8552189
 [49]  2.0080321  5.9071730 16.5254237  1.1904762  3.7735849  1.6949153
 [55]  3.7974684 35.3356890  0.4098361  3.7313433  7.0833333  2.9304029
 [61]  2.5925926  2.1276596  4.1493776  1.6326531  3.7500000  8.7837838
 [67]  5.0387597  1.2096774 10.9243697 18.6507937 15.1006711  6.3829787
 [73]  6.6433566  4.1666667  0.4032258  0.8264463  2.0491803  1.6393443
 [79]  4.4609665  2.2727273  0.8163265  5.0675676 14.2857143 15.4411765
 [85]  0.8264463  0.4166667  1.9531250  8.3682008  0.8196721 18.1451613
 [91] 11.1913357  5.1383399  2.9166667  2.4489796  0.4000000  9.3117409
 [97]  2.8571429  2.4390244  1.5384615  3.1250000  1.7543860  5.8823529
[103]  2.9850746  5.8823529 13.3333333  2.5641026  2.7272727 16.9811321
[109]  2.4390244  6.4516129  1.8518519  1.5151515  7.8651685  2.5000000
[115]  2.5641026  2.8571429  7.0175439 13.3333333  1.7094017  0.9615385
[121] 10.3448276  6.1224490  2.0408163  2.7777778  1.2048193  1.0204082
[127]  2.7027027  2.4390244  5.0000000  0.7352941  1.5151515  4.6357616
[133]  4.5454545  8.9655172  1.5748031 26.6666667  0.7874016  6.6225166
[139]  0.7194245 13.1034483  4.5751634  0.7518797  1.5384615 18.4971098
[145]  3.3557047  3.0769231  1.6260163  3.5211268  4.5977011  5.1162791
[151]  2.3076923  0.5347594  2.3076923  2.3255814  0.7692308  3.1446541
[157]  4.7945205  4.8387097  5.4347826 25.5952381 12.5714286  1.6000000
[163]  3.5971223  3.6496350  1.5748031 11.3924051  5.5248619  4.1958042
[169]  4.6875000  3.0769231  2.0000000  1.7241379  0.6024096  1.6393443
[175]  2.5000000  1.5625000  3.3898305  2.9411765  3.1250000  3.9215686
[181]  3.7735849  2.9411765  2.1276596  3.7500000  4.0983607  3.4883721
[187]  3.0303030  6.4516129 10.3448276  6.5573770  1.8867925  1.0638298
[193]  2.7522936  7.1428571  2.3809524  3.4482759  4.5454545  6.3829787
[199]  3.3333333  6.0606061  3.8461538  7.6923077 12.5000000  7.8947368
[205]  5.0000000  3.2258065 11.1111111  0.9803922  1.2658228  1.0989011
[211]  2.8301887  6.7415730  2.5641026  4.2253521  1.1363636  2.0000000
[217]  1.2658228  2.0000000  9.9415205 12.7272727  2.2727273  3.7037037
[223]  3.8461538  0.7936508  9.5238095  6.1224490  2.0689655  7.8431373
[229]  0.9174312  1.8518519  2.0833333  1.3513514  1.7543860  7.2580645
[235]  7.2072072  7.6923077  3.6697248  1.4285714  7.1428571  5.2631579
[241]  3.8461538  4.3478261  8.6206897  5.0847458  4.9019608  2.8571429
[247]  3.7037037  4.0650407  2.2727273  1.5384615  3.7735849  3.2258065
[253]  4.3478261  3.6697248  5.3191489  2.3255814  3.3333333  1.2987013
[259]  5.6818182  5.8823529  1.8518519  2.1739130  3.2967033  2.0408163
[265]  6.4102564  7.5000000  2.5000000  1.8181818  7.6271186  1.3333333
[271]  4.0000000  4.9645390  5.7692308  3.8461538  4.8780488  2.7397260
[277]  1.9607843  7.4074074  3.9062500  8.1818182  2.0833333  2.2222222
[283]  8.1967213  2.0000000  2.0833333  9.7087379  2.8985507  5.6603774
[289]  1.8181818  2.7397260  3.8461538  5.0000000  5.5555556  2.5000000
[295]  2.9850746  1.8018018  1.3513514  1.2048193  1.6129032  6.2500000
[301]  0.6493506  6.2500000  2.0408163  1.0752688  4.5454545  2.8571429
[307]  1.4285714  0.8771930  1.3157895  5.0000000  6.0000000  2.4390244
[313]  3.7500000  3.1250000  2.5641026  4.5454545  3.9215686  8.6956522
[319]  2.0833333  8.1081081  2.7397260  0.8474576  1.7857143  5.0505051
[325]  1.1235955  4.5454545  1.2048193  1.2820513  4.3715847  6.2500000
[331]  8.3798883  3.2608696  2.6845638  1.2345679  0.6211180  3.8461538
[337]  9.8130841  2.7932961  0.6134969 12.0253165  6.5326633  7.1129707
[343]  4.4871795  3.3175355  1.2422360  0.6211180  0.6410256  2.1052632
[349]  5.1724138  1.2658228  5.1643192 12.6168224 14.0703518  2.3529412
[355]  6.1728395  0.6329114 15.7303371  8.3333333  4.6783626  1.9108280
[361]  3.1446541  1.8633540  4.5714286  1.9230769  7.6923077  1.9607843
[367]  3.1914894  0.8547009  7.6923077  4.6511628  4.7619048  2.3809524
[373]  0.9803922  5.8823529  2.4691358  8.3333333  4.0000000  8.5365854
[379]  4.9382716  9.2436975  3.9473684  1.7241379  1.4084507  0.9433962
[385]  2.7210884  7.6190476  3.6363636  5.9523810 11.4285714  7.8431373
[391] 11.2149533  4.6153846  4.2735043  6.1224490  4.2553191  9.5238095
[397]  1.8867925  2.0202020 10.4761905  2.7777778  3.5087719  2.7027027
[403]  0.9259259  2.0000000  4.8780488  3.1746032  2.7777778  3.3707865
[409]  2.7777778  3.3333333  5.8823529  3.0303030  2.0833333  3.6036036
[415]  3.0612245  3.8961039  1.0638298  1.7857143  6.0240964  1.6949153
[421] 14.6551724  1.2345679  1.6393443  1.9230769  0.9174312  1.9867550
[427]  1.7543860  5.2631579  1.7241379  2.2222222  6.5789474  9.4339623
[433]  8.9285714 12.0967742  5.0420168  1.8518519  1.9607843  4.3478261
[439]  9.1743119  6.9444444  1.6393443  3.3333333  9.8039216  5.7377049
[445]  8.3333333  5.4545455  4.2553191  1.4285714  0.9523810  4.1666667
[451]  7.6923077  1.7857143  5.6603774  1.8181818  5.7692308  8.6419753
[457] 10.0000000  3.8461538 10.2803738  3.8461538  1.6806723  6.2500000
[463]  6.2500000  3.9215686  4.5454545  5.7971014  1.8867925  1.7543860
[469]  1.7543860  1.0989011  3.0303030  5.2631579  1.2500000  1.2048193
[475]  1.6129032  2.8571429  0.9803922  4.6511628  1.2658228  4.2016807
[481]  6.1728395  4.1666667  3.3333333  3.8095238  4.3956044  2.5641026
[487]  1.3698630  1.1363636  2.1739130  3.2258065  2.0000000  2.0202020
[493] 13.6363636  2.3809524  1.2987013  3.3898305  3.7037037  3.5714286
[499]  4.5454545  3.7037037  3.8461538  1.6949153  4.6511628  0.9433962
[505]  2.7027027  1.1627907  2.2727273  4.0000000  2.0202020  4.8780488
[511]  4.0000000  1.6666667  2.4390244  4.5454545  1.6949153  5.9405941
[517]  4.4943820  2.7027027  1.1627907  2.0833333  5.1282051  1.9801980
[523]  1.0752688  1.7543860  4.1379310  3.7234043  0.9900990  0.6410256
[529]  2.0202020  2.1276596  1.0000000  1.0101010  3.1007752  7.0175439
[535]  4.2105263  3.8216561 20.0000000  3.7500000  2.1276596  2.7272727
[541]  1.8348624  4.2553191  5.8394161  8.8435374  2.6086957  1.0204082
[547]  3.0000000  6.1855670  3.3898305  2.3809524  1.5625000  2.0408163
[553]  4.3478261  2.0000000  6.0000000  4.0816327  7.1428571  4.1666667
[559]  2.0833333  5.1282051  5.9701493  9.8039216  3.2000000  3.6036036
[565]  2.2727273  2.4390244  5.0847458  3.4482759  1.0752688  8.0645161
[571]  2.1276596  1.9607843  4.5454545  2.5641026  4.2016807  4.8780488
[577]  3.4482759  3.5714286  5.0847458  3.7037037  5.7471264  2.8301887
[583]  4.3956044  4.1666667  4.7619048  2.4390244  1.1363636  2.1739130
[589]  3.2258065  6.6666667  0.8771930  5.4794521  1.9230769  2.4390244
[595]  3.7500000  1.1764706  1.2658228  9.5238095  2.4390244  3.3333333
[601]  2.2388060 12.8205128  2.3255814  5.5555556  1.5873016  0.9615385
[607]  3.3898305  2.8571429  3.9215686  6.0975610  0.9900990  1.6949153
[613]  6.8322981  2.5974026  1.5151515  2.5974026  1.2987013  1.3888889
[619]  4.0000000  2.6666667  5.7692308  1.0204082  2.1897810  4.6666667
[625]  9.1603053  1.3888889  1.1235955  8.6419753  8.9285714 10.4838710
[631]  2.1505376  5.5555556  2.5641026 10.0000000 17.8807947  6.0344828
[637]  1.6666667  3.5398230  1.6666667  4.3103448 10.0000000  4.3795620
[643]  7.6023392  5.2356021  7.4712644  0.8620690  0.7518797  6.4516129
[649]  3.4782609  3.7500000  9.6969697  4.5112782  6.1946903  0.8130081
[655]  1.6393443 10.8527132  1.8867925  3.2967033  2.6315789 12.3076923
[661]  4.1666667  1.1904762  2.4390244  1.2820513  2.4390244  3.7500000
[667] 12.6213592  2.9411765 20.6611570  5.1612903  6.4285714  1.2820513
[673]  1.3333333  5.4945055  2.1739130  2.5316456  3.2258065  5.9259259
[679] 12.2222222  2.5000000  1.1764706  3.6144578  2.9411765  3.7037037
[685]  1.6666667  1.8867925  1.0752688  8.3333333  2.8169014  2.3255814
[691]  4.5454545  8.0000000  3.3333333  2.0408163  3.8461538  1.6949153
[697]  4.2553191  2.2727273  1.9047619  2.1978022  5.2631579  2.5641026
[703]  3.5714286  4.6511628  3.4482759  3.4482759  2.0833333  1.1904762
[709]  0.9900990  1.1494253  3.1250000  5.2631579 17.3913043  1.6949153
[715]  2.0833333  8.4337349  0.9433962  5.2631579  1.1627907  2.2727273
[721]  1.7241379  2.2988506  5.7471264  2.6315789  2.3809524  4.1666667
[727]  5.1948052  3.5714286 12.9629630  3.7313433  3.3057851  3.7735849
[733]  1.4084507  1.7857143  4.0000000  5.3097345  1.3157895  3.3333333
[739]  3.3333333  5.1948052  9.9009901  5.7851240  0.8849558  2.5000000
[745]  3.3898305  1.7241379  4.5454545  3.8461538  1.5384615  4.0816327
[751]  6.2500000  2.9411765  1.1494253  3.9603960  2.2471910  5.0000000
[757]  4.5454545  2.9411765  1.1904762  3.7037037  3.7037037  4.3209877
[763]  2.6490066  3.7974684  8.5106383  2.3529412  2.2900763  9.5588235
[769]  5.9405941  1.0989011  1.8348624  8.8607595  0.8474576  2.6315789
[775]  0.9708738  9.4202899  4.4025157  1.6393443  1.9417476  2.8301887
[781]  2.4000000  1.1494253  2.9411765  1.9801980  2.2727273  9.6000000
[787]  5.5555556  2.8037383  1.1111111  2.1505376  3.2608696  6.5420561
[793]  2.9411765 11.1111111  2.5000000  8.6956522  2.3255814  6.6666667
[799] 13.3333333  1.2820513  2.0408163 12.1212121  1.2048193  3.1250000
[805]  1.7857143  5.0000000  3.3898305  6.4935065  1.0416667  2.8571429
[811]  1.7241379  3.8461538  8.0000000  2.3437500  4.7058824  1.3698630
[817]  1.3698630  4.4943820  2.9702970  1.1904762  1.1363636  3.4883721
[823]  5.8823529  2.3809524  4.4444444  4.4444444  3.7037037  2.1739130
[829]  6.6666667  2.0000000
[1] "arbre maximum"
 [1] 16.165414  6.024096 13.953488 11.224490 16.525424 35.335689 18.650794
 [8] 15.100671 15.441176 18.145161 13.333333 16.981132 13.333333 10.344828
[15] 26.666667 25.595238 10.344828 12.500000 11.111111 12.727273  8.620690
[22]  9.708738  6.250000  6.250000  8.108108  8.333333 11.428571 11.214953
[29] 14.655172  9.433962  5.263158  6.172840 13.636364 20.000000  7.142857
[36]  6.666667  9.523810 12.820513  8.641975 17.880795 12.307692 20.661157
[43] 12.222222  8.333333  8.000000 17.391304  8.433735 12.962963 11.111111
[50]  8.695652 13.333333 12.121212  8.000000
